05/21 - 2739, 2743, 15740, 29751, 30214, 32775, 31962, 24510 (8/8)
05/22 - 2557, 10699, 7287, 10171, 10172, 25083, 1000, 1001 (8/8)
05/23 - 10998, 10869, 1008, 11382, 1330, 9498, 14681, 2753 (8/8)
05/24 - 2420, 2741, 10872, 10950, 10952, 2438, 10951, 15552 (8/8)
05/25 - 10871, 10807, 5597, 2738, 11654, 2744, 2754, 27866 (8/8)
05/26 - 11718, 9086, 15964, 2475, 2439, 11720, 31403, 2562 (8/8)
05/27 - 2884, 10250, 10818, 1152, 2577, 2675, 2920, 3052 (8/8)
05/28 - 5338, 13277, 25372, 27889, 28235, 32951, 4504, 5363 (8/8)
05/29 - 8958, 10809, 4153, 1978, 2231, 2798, 15829, 1259 (8/8)
05/30 - 1546, 2609, 2775, 10989, 28702, 1181, 1436, 2751 (8/8)
05/31 - 10814, 11650, 11651, 2164, 10773, 10828, 10845, 1929 (8/8)